 2,  9, 19, 20, 23, 30
 4,  8, 14, 15, 19, 28
 9, 12, 22, 30, 37, 47
26, 29, 31, 32, 34, 36
 1,  8, 16, 25, 41, 45
 6, 18, 20, 27, 31, 47
14, 27, 34, 36, 38, 40
 8, 15, 16, 41, 42, 47
12, 33, 41, 43, 47, 48
10, 13, 31, 33, 43, 46
 4, 19, 21, 33, 40, 46
 8, 13, 15, 24, 35, 41
10, 13, 27, 36, 38, 45
 2,  7, 14, 27, 42, 49
 8, 11, 15, 33, 37, 48
 3, 14, 20, 26, 30, 37
 3, 15, 16, 25, 26, 35
 2,  6, 16, 21, 38, 45
 9, 13, 14, 29, 31, 46
15, 18, 26, 30, 33, 38
 8, 12, 17, 29, 41, 45
 1, 13, 14, 15, 30, 36
 6,  9, 11, 13, 15, 45
12, 16, 18, 27, 39, 41
 7, 13, 14, 20, 32, 36
 2,  6, 15, 25, 26, 49
10, 12, 14, 18, 36, 42
 1,  5, 10, 30, 33, 39
17, 28, 29, 30, 38, 42
14, 26, 27, 30, 34, 39
15, 19, 22, 31, 34, 41
 7, 10, 24, 33, 34, 46
 6, 16, 31, 32, 37, 44
17, 30, 33, 42, 44, 49
14, 24, 28, 33, 44, 49
 1,  8, 24, 38, 39, 40
 7,  9, 16, 33, 37, 47
 3, 23, 29, 36, 45, 46
 8, 11, 13, 26, 35, 42
10, 13, 23, 37, 38, 41
 4, 19, 27, 32, 36, 43
 4,  9, 23, 40, 41, 44
 1,  3,  6,  7, 11, 14
 1,  4, 11, 15, 24, 36
 5,  9, 11, 13, 16, 48
17, 23, 33, 37, 42, 44
 2,  9, 10, 28, 45, 46
 6, 15, 22, 28, 30, 46
 5,  6, 23, 37, 46, 48
 8, 15, 21, 33, 35, 46
 2,  4, 18, 24, 34, 49
 3,  9, 13, 21, 26, 27
13, 16, 29, 39, 47, 48
13, 15, 16, 20, 26, 31
 1, 14, 16, 43, 48, 49
 9, 23, 27, 40, 41, 44
10, 24, 28, 41, 44, 49
11, 15, 26, 37, 39, 41
 8, 21, 23, 36, 42, 43
 1, 13, 20, 38, 43, 45
24, 29, 31, 35, 37, 38
10, 18, 21, 24, 39, 41
29, 32, 37, 41, 43, 47
10, 13, 29, 36, 41, 48
10, 14, 27, 32, 34, 46
 2, 15, 17, 28, 36, 44
20, 23, 34, 35, 39, 45
 1,  7, 26, 29, 30, 36
 2,  3, 11, 12, 31, 33
 9, 11, 23, 36, 42, 47
10, 13, 19, 23, 41, 48
 3,  7,  8, 10, 16, 26
 6, 12, 17, 19, 23, 24
 4,  8, 15, 26, 27, 38
17, 18, 19, 22, 29, 36
 3,  4, 27, 28, 37, 41
 1,  3, 19, 23, 30, 37
 3, 18, 24, 31, 38, 40
23, 28, 29, 32, 40, 45
 4, 10, 31, 36, 45, 46
 6, 10, 25, 26, 37, 39
 9, 10, 21, 28, 30, 46
 6, 21, 28, 29, 35, 36
 2,  7, 28, 31, 36, 45
 3,  9, 19, 23, 31, 43
22, 25, 32, 42, 46, 47
10, 19, 22, 27, 30, 34
 2,  3,  7, 24, 29, 40
 1, 10, 19, 25, 28, 39
16, 38, 43, 45, 47, 48
 9, 13, 21, 24, 27, 37
 4, 19, 20, 26, 27, 40
15, 19, 21, 24, 31, 37
 6,  7,  9, 14, 36, 49
 3,  8, 26, 30, 33, 44
 5,  6, 12, 20, 21, 25
10, 13, 21, 43, 45, 46
 1,  2, 16, 22, 41, 45
 2, 13, 14, 28, 31, 33
 4,  6, 27, 40, 45, 48
11, 18, 20, 21, 23, 26
 1,  7,  9, 22, 24, 27
 4, 11, 13, 22, 26, 39
 6, 14, 15, 25, 32, 47
12, 17, 21, 27, 40, 41
 5, 16, 39, 40, 44, 48
20, 22, 32, 36, 44, 46
 8, 20, 21, 41, 42, 46
 3,  9, 10, 36, 43, 49
 3, 10, 11, 14, 32, 33
 4, 12, 19, 23, 26, 30
 1,  7,  9, 18, 30, 46
 3,  8, 15, 30, 31, 38
 4,  5, 23, 30, 35, 43
 6, 24, 25, 35, 41, 42
 7, 20, 21, 26, 33, 34
 2, 11, 17, 27, 32, 33
 6, 12, 23, 35, 42, 48
11, 18, 21, 22, 30, 46
12, 15, 23, 26, 33, 46
13, 20, 23, 26, 46, 48
 7, 26, 34, 35, 44, 48
 1,  7, 18, 31, 48, 49
 1,  2,  9, 30, 39, 47
12, 15, 18, 33, 44, 46
 9, 12, 16, 38, 43, 46
 1,  6, 16, 23, 28, 37
10, 32, 36, 37, 38, 48
16, 25, 28, 29, 35, 41
 3,  7,  9, 20, 27, 37
23, 26, 28, 41, 44, 46
 5,  9, 17, 25, 26, 37
 3,  5,  7, 16, 22, 45
14, 16, 17, 30, 36, 44
 9, 16, 23, 25, 38, 42
14, 17, 20, 30, 39, 41
18, 25, 27, 37, 47, 49
23, 27, 32, 36, 41, 44
11, 13, 27, 29, 39, 47
 3,  6, 29, 38, 44, 49
 4, 15, 26, 30, 31, 48
 7,  9, 12, 22, 25, 34
11, 22, 26, 31, 39, 43
 5, 12, 24, 28, 29, 35
 8, 23, 26, 31, 37, 41
 2, 21, 27, 33, 45, 46
 2,  4,  9, 13, 15, 40
 1,  4,  6, 22, 25, 35
 4, 11, 24, 28, 29, 46
 6,  9, 10, 14, 22, 34
13, 18, 20, 24, 40, 41
15, 24, 27, 30, 46, 49
28, 34, 36, 38, 45, 48
12, 14, 19, 24, 38, 49
 6, 13, 14, 15, 43, 47
 6,  7, 10, 12, 33, 36
 1, 10, 26, 38, 43, 48
 4,  7, 10, 15, 31, 40
 4, 14, 22, 24, 37, 44
 1,  7, 17, 24, 44, 49
18, 19, 27, 41, 42, 49
 5,  6, 16, 28, 34, 47
 1,  2,  9, 21, 32, 45
 8,  9, 10, 18, 19, 47
10, 36, 38, 39, 42, 43
 9, 27, 29, 40, 41, 42
 1, 17, 24, 35, 41, 43
 3, 15, 30, 39, 42, 43
10, 16, 25, 40, 41, 46
11, 14, 15, 23, 34, 45
13, 16, 26, 28, 45, 47
 4, 10, 11, 12, 18, 19
 1,  6,  9, 13, 24, 48
 6,  7, 18, 21, 23, 49
21, 24, 26, 32, 36, 48
10, 20, 29, 35, 37, 43
 9, 10, 17, 20, 26, 47
12, 16, 23, 35, 37, 40
 9, 17, 21, 41, 43, 46
 2,  7, 15, 17, 39, 48
 1, 11, 21, 27, 35, 47
15, 18, 34, 42, 43, 48
 2,  9, 16, 39, 40, 42
 6,  8, 27, 38, 39, 40
 1, 23, 29, 33, 40, 42
 1, 16, 18, 30, 39, 41
35, 36, 37, 40, 43, 48
 8, 12, 14, 18, 30, 47
 6, 15, 19, 27, 39, 44
 7, 11, 18, 23, 39, 48
11, 17, 21, 33, 43, 49
16, 18, 27, 35, 36, 41
 7, 14, 31, 33, 46, 47
 2,  3, 12, 19, 27, 29
 3,  6,  8, 23, 34, 46
 2, 11, 19, 23, 36, 48
 3,  8, 18, 23, 30, 49
 8, 14, 19, 21, 42, 48
16, 20, 21, 28, 36, 37
 3, 14, 26, 32, 34, 42
 9, 12, 29, 31, 40, 43
 1, 21, 31, 32, 40, 46
 8, 20, 21, 22, 32, 34
 3, 12, 16, 28, 32, 34
20, 26, 34, 40, 47, 49
16, 19, 29, 30, 34, 43
 1,  7,  9, 16, 30, 43
 2,  8, 16, 28, 44, 48
 4,  9, 19, 20, 33, 40
 1,  9, 10, 19, 39, 41